2062360147
1175960519
1832276323
940910643
823555431
553505580
1546116915
1615479891
260695997
1844576032
1173965726
1458410226
1216286100
982075507
1256709482
2048868674
722740376
1982528246
1406204440
1133856111
258761316
1370940073
1673222695
1845567003
1055805202
1218367337
1786300713
47536895
1771775639
60055787
535390892
1100737864
2140685255
1208753111
2005502244
1731084260
807637655
1861666065
672328768
1950357309
1565264260
1748108990
320517814
802044320
99036430
525425650
213175437
1126293628
2103220467
696272268
457556475
1916399354
1124111119
2069808633
1137463550
478868361
1758897385
14230868
1460361182
1596387208
1001733925
1344011853
2015190865
1652418491
1155752592
1407553955
1025157390
319306820
1198084814
815096644
1452983704
1028376916
158159084
1383800233
452637359
1120718647
202726665
50708097
644907407
1587257866
1250361632
362023761
2031453594
894444357
851321652
868699345
405801363
895746194
1226039028
207180786
941985517
435993854
1231972550
647415210
1486787473
861307018
523433857
1606332338
75817004
1830859134
